Power ON
SAMSUNG
4450,4250,600,1550,650,450,650,1500,600,1600,600,450,600,500,600,1550,600,500,600,450,600,1600,550,500,600,500,600,1550,600,1550,600,500,650,1500,600,1550,650,450,600,1550,700,1500,600,1550,600,1550,550,1600,650,1500,600,500,600,1550,600,500,600,450,650,450,600,500,600,450,650,450,600,500,550,1600,600,500,600,450,650,450,600,500,600,450,650,450,600,1550,650,450,550,1600,600,1550,600,1600,600,1550,650,1500,600,1550,500
Length = 100

Power OFF
SAMSUNG
4300,4400,600,1550,650,450,600,1550,600,1550,600,500,600,450,650,1550,600,450,600,500,650,1500,600,500,600,500,600,1550,600,1550,600,500,600,1550,650,450,600,1550,600,1550,650,1500,650,1500,600,500,600,1550,700,1500,600,1550,650,450,600,450,650,450,600,450,650,1550,600,450,650,450,650,1500,700,1500,600,1550,600,450,650,450,650,450,600,450,700,400,650,450,600,450,650,450,650,1500,600,1600,600,1550,600,1550,600,1550,500 
Length = 100

Fanspeed 1
SAMSUNG
4400,4350,600,1550,550,500,600,1600,600,1550,600,450,600,500,600,1550,600,500,600,500,550,1600,550,500,600,500,600,1550,600,1550,600,500,600,1550,600,1600,600,450,600,500,600,1550,600,1550,600,1550,600,1600,600,1550,600,450,600,1600,550,1600,550,500,600,500,600,500,600,450,600,500,550,550,600,1550,600,500,600,450,600,500,600,500,550,500,600,500,600,1550,600,500,600,1550,600,1550,600,1550,600,1600,600,1550,550,1600,550 
Length = 100

Fanspeed 2
SAMSUNG
4450,4250,650,1550,600,450,600,1600,600,1550,600,450,600,500,600,1550,650,450,600,500,600,1550,600,500,600,450,600,1550,600,1600,600,450,600,1550,600,500,600,1550,600,500,600,1550,600,1550,600,1600,600,1550,600,1550,600,1550,600,500,600,1550,600,500,600,450,600,500,600,500,600,450,600,500,600,1550,600,500,600,500,550,500,600,500,600,500,600,450,600,1600,600,450,600,1600,600,1550,600,1550,600,1550,600,1550,600,1550,550   
Length = 100

Fanspeed 3
SAMSUNG
4400,4300,600,1550,600,500,600,1550,600,1550,600,500,550,550,600,1550,600,450,600,500,600,1550,600,500,600,500,600,1550,600,1550,650,450,600,1550,600,500,600,450,600,1550,600,1600,600,1550,600,1550,600,1550,600,1550,600,1600,600,1550,600,450,600,500,600,500,600,450,600,500,550,550,550,500,600,1600,550,500,600,500,550,500,600,500,600,500,600,450,600,1600,600,450,600,1600,600,1550,550,1600,600,1550,600,1550,600,1550,550 
Length = 100

Fanspeed auto
SAMSUNG
4350,4300,650,1550,600,450,600,1600,600,1550,600,450,600,500,600,1550,600,500,600,500,600,1550,600,500,600,450,600,1550,650,1550,600,450,600,1550,650,1550,600,450,600,1600,600,1550,600,1550,650,1500,600,1550,600,1600,600,450,650,1500,650,450,650,450,600,450,650,450,650,450,600,450,650,450,650,1500,650,450,600,500,600,450,600,500,650,450,600,450,650,1550,600,450,650,1550,600,1550,600,1550,600,1550,600,1550,600,1550,550 
Length = 100

Temperature
30 deg C
SAMSUNG
4450,4250,650,1500,650,450,600,1550,650,1500,650,450,600,500,650,1500,650,450,600,450,650,1500,650,450,650,450,650,1500,650,1500,650,450,650,1500,650,1500,650,450,650,450,550,1600,600,1550,600,1550,650,1500,650,1500,650,450,650,1500,650,1500,600,500,650,450,600,450,650,450,600,500,650,1500,600,500,600,1550,600,1550,600,500,650,400,650,450,600,500,600,450,650,1500,650,450,650,450,600,1550,650,1500,600,1550,650,1500,550 
Length = 100

29 deg C
SAMSUNG
4350,4350,700,1500,600,450,600,1600,550,1600,600,450,650,450,650,1500,650,450,650,450,600,1550,600,450,600,500,550,1600,650,1500,650,450,650,1500,650,1550,600,450,650,450,650,1500,650,1500,650,1500,700,1500,600,1550,600,500,650,1500,650,1500,600,500,600,450,650,450,650,450,650,400,650,1500,650,450,650,1500,650,450,650,450,600,450,700,400,650,450,650,400,650,1550,650,400,600,1550,700,1500,650,1500,650,1500,650,1500,500 
Length = 100

28 deg C
SAMSUNG
4400,4300,600,1550,600,450,650,1550,600,1550,600,450,600,500,650,1500,650,450,550,550,600,1550,600,500,550,500,600,1550,600,1550,650,450,600,1550,650,1550,600,450,650,450,600,1550,650,1500,650,1550,600,1550,600,1550,600,500,600,1550,600,1550,650,450,650,400,650,450,600,500,650,400,600,1550,700,400,650,450,650,400,650,450,650,450,600,450,600,500,650,450,600,1550,650,1500,650,1500,650,1500,650,1550,600,1550,600,1550,500 
Length = 100

27 deg C
SAMSUNG
4450,4250,600,1550,650,450,600,1550,650,1500,650,450,650,450,600,1550,600,450,650,450,650,1500,650,450,650,450,600,1550,600,1550,600,500,650,1500,650,1500,600,500,650,450,600,1550,650,1500,600,1550,650,1500,600,1550,600,500,650,1500,650,1500,600,500,650,450,650,400,700,400,650,450,650,1500,650,450,600,450,650,1500,650,450,650,450,650,400,700,400,650,450,600,1550,650,1500,650,450,650,1500,650,1500,650,1500,700,1500,500 
Length = 100

26 deg C
SAMSUNG
4450,4250,650,1500,650,450,650,1500,650,1500,700,400,650,450,600,1550,600,500,600,450,650,1550,650,400,650,450,600,1550,600,1550,650,450,600,1550,650,1500,650,450,600,500,650,1500,650,1500,600,1550,650,1500,650,1500,650,450,650,1500,650,1500,650,450,650,450,650,400,650,450,600,500,650,1500,650,1500,650,450,600,1550,650,400,650,450,650,450,650,400,650,450,650,450,600,1550,650,450,650,1500,650,1500,650,1500,650,1500,650 
Length = 100

25 deg C
SAMSUNG
4400,4300,650,1500,650,450,600,1550,650,1500,600,500,600,500,600,1550,600,500,600,450,600,1550,650,450,600,500,600,1550,550,1600,600,500,600,1550,650,450,600,450,600,1600,600,1550,600,1550,600,1550,650,1500,650,1500,600,1600,600,1550,600,500,600,450,600,500,600,450,650,450,600,500,600,1550,600,1550,650,450,600,500,600,450,650,450,600,500,600,450,600,500,650,450,600,1550,600,1550,600,1550,650,1500,600,1600,600,1550,500 
Length = 100

24 deg C
SAMSUNG
4450,4250,600,1550,600,500,650,1500,600,1550,600,500,600,500,600,1550,600,500,600,450,600,1600,600,450,600,500,600,1550,600,1550,650,450,600,1550,600,500,600,500,550,1600,600,1550,600,1550,600,1550,600,1600,600,1550,600,1550,650,1500,600,500,600,450,600,500,650,450,600,450,600,500,600,500,600,1550,650,450,600,450,650,450,600,500,600,450,600,500,600,1550,600,500,650,1500,650,1500,600,1600,600,1550,600,1550,600,1550,500 
Length = 100

23 deg C
SAMSUNG
4450,4250,600,1600,600,450,650,1500,700,1500,600,450,600,500,600,1550,650,450,600,450,650,1550,550,500,650,450,600,1550,600,1550,650,450,600,1550,600,500,650,1500,600,500,650,1500,600,1550,650,1500,600,1600,600,1550,550,1600,650,450,600,1550,600,500,600,450,600,500,600,500,600,450,650,450,550,1600,600,500,550,1600,600,500,600,450,600,500,650,450,600,1550,600,500,600,1550,550,550,550,1600,600,1550,600,1550,600,1550,550
Length = 100

22 deg C
SAMSUNG
4450,4250,650,1550,600,450,650,1500,700,1500,650,400,650,450,600,1550,650,450,600,450,650,1550,600,450,600,500,650,1500,650,1500,650,450,600,1550,600,500,650,450,600,1550,600,1550,650,1500,650,1500,650,1500,650,1550,600,1550,600,1550,600,500,600,450,700,400,600,500,600,450,650,450,650,450,600,1550,650,1500,600,1550,650,450,650,450,650,400,650,450,600,1550,600,500,600,450,650,450,600,1550,650,1500,650,1550,600,1550,500 
Length = 100

21 deg C
SAMSUNG
4500,4200,650,1550,650,400,600,1550,650,1550,600,450,650,450,600,1550,650,450,600,450,650,1550,600,450,700,400,650,1500,650,1500,700,400,700,1450,650,450,650,450,650,1500,600,1550,650,1500,650,1500,600,1600,600,1550,650,1500,650,1500,650,450,600,500,650,400,650,450,600,500,600,450,600,500,600,1550,650,1500,700,400,600,500,650,400,700,400,600,500,600,1550,600,450,650,450,600,1550,650,1500,650,1550,600,1550,600,1550,500 
Length = 100

20 deg C
SAMSUNG
4350,4350,600,1550,600,500,600,1550,600,1550,600,500,600,450,600,1550,650,450,600,500,600,1550,650,450,600,450,600,1600,600,1550,650,400,600,1600,600,450,650,450,600,1550,650,1500,650,1550,600,1550,600,1550,600,1550,600,1550,600,1550,650,450,600,500,550,500,650,450,600,500,600,450,600,500,600,500,600,1550,600,500,600,450,600,500,600,500,600,450,600,1550,650,1550,550,500,600,1550,650,1550,600,1550,600,1550,600,1550,500 
Length = 100

19 deg C
SAMSUNG
4450,4250,700,1500,650,400,650,1550,650,1500,600,450,700,400,650,1500,650,450,700,400,600,1550,600,500,650,400,650,1500,700,1450,650,450,650,1500,700,400,700,400,650,1500,650,1500,650,1500,650,1550,600,1550,650,1500,600,1550,650,1500,700,400,650,450,600,450,650,450,650,450,650,400,700,400,650,450,650,1500,600,1550,700,400,650,400,700,400,650,450,650,1500,650,1500,650,450,700,400,650,1500,650,1500,650,1500,650,1500,500 
Length = 100

18 deg C
SAMSUNG
4300,4400,600,1550,600,450,650,1550,600,1550,600,450,550,550,550,1600,600,500,600,500,600,1550,600,500,550,500,600,1550,650,1500,650,450,600,1550,600,500,500,600,600,1550,600,1550,600,1550,600,1550,650,1550,600,1550,600,1550,600,1550,550,550,600,500,600,450,600,500,600,450,600,500,600,500,600,500,550,500,650,1500,600,500,550,550,600,450,650,450,550,1600,600,1550,600,1600,600,450,600,1550,600,1600,600,1550,600,1550,500  
Length = 100

17 deg C
SAMSUNG
4400,4300,600,1550,600,500,600,1550,600,1600,550,500,600,500,600,1550,600,500,600,450,600,1600,600,450,600,500,600,1550,600,1550,600,500,650,1500,600,500,600,500,550,1600,600,1550,600,1550,600,1550,600,1600,550,1600,600,1550,600,1550,600,500,600,500,600,450,600,500,600,500,600,450,650,450,600,500,550,500,600,500,600,500,600,450,650,450,600,500,600,1550,600,1550,600,1550,650,1500,600,1550,600,1600,600,1550,550,1600,550 
Length = 100

Swing on/off
SAMSUNG
4400,4300,600,1550,600,500,600,1550,600,1550,650,450,600,450,600,1600,600,450,650,450,600,1550,600,500,600,500,600,1550,550,1600,600,500,600,1550,550,550,600,450,650,450,600,450,650,1550,600,1550,600,1550,600,1550,600,1600,550,1600,600,1550,600,1550,600,500,550,500,600,500,600,500,600,1550,600,1550,600,1550,650,450,600,500,600,450,600,500,600,500,600,450,650,450,600,500,600,1550,600,1550,600,1550,600,1600,550,1600,500 
Length = 100

Change Mode
SAMSUNG
4400,4300,600,1550,600,450,600,1600,600,1550,600,450,600,500,650,1500,650,450,600,500,650,1500,650,450,600,450,600,1550,650,1550,600,450,650,1550,600,450,650,450,650,450,600,1550,600,1550,600,1550,650,1500,650,1500,650,1550,600,1550,600,1550,600,500,650,400,700,400,650,450,600,450,650,450,650,1500,600,500,600,1550,650,450,600,1550,600,500,600,500,600,1550,600,500,650,1500,600,450,650,1550,600,450,650,1550,600,1550,500 
Length = 100

Economy on/off
SAMSUNG
4400,4300,600,1600,600,450,600,1550,600,1600,600,450,600,500,600,1550,600,500,600,450,650,1550,600,450,600,500,600,1550,600,1550,650,450,650,1500,600,1600,600,1550,600,1550,600,500,550,500,600,500,600,450,650,450,600,500,600,450,650,450,600,1550,600,1550,650,1550,600,1550,550,1600,650,450,600,450,650,450,600,500,550,500,650,450,600,1550,600,1550,650,1550,600,1550,600,1550,600,1550,600,1550,600,1550,650,450,600,500,500 
Length = 100


